1 2319
1 1938
1 1410
1 1572
1 1680
1 1071
1 2371
1 1657
1 971
1 1591
1 2218
1 2379
1 1461
1 2740
1 1908
2 3078
2 2434
2 1046
2 2863
2 1183
2 597
2 1867
2 1014
2 492
2 435
2 2439
2 397
2 3202
2 1625
2 1397
3 929
3 2316
3 2603
3 2066
3 249
3 1098
3 1313
3 1134
3 1366
3 77
3 1496
3 1466
3 2705
3 1788
3 51
4 3043
4 2958
4 2519
4 2377
4 3103
4 3073
4 3148
4 409
4 1484
4 2939
4 2844
4 2578
4 483
4 253
4 2870
5 2960
5 2629
5 1272
5 2716
5 2035
5 2399
5 2106
5 2607
5 1742
5 1502
5 756
5 1829
5 2003
5 892
5 529
6 2826
6 2828
6 2230
6 242
6 1009
6 3035
6 2078
6 1867
6 1014
6 438
6 492
6 2671
6 435
6 1186
6 2417
7 3043
7 3148
7 3104
7 2912
7 1553
7 3141
7 2376
7 3170
7 2342
7 1338
7 2740
7 2949
7 3014
7 3128
7 2320
8 2625
8 912
8 2830
8 2500
8 1869
8 2951
8 492
8 2371
8 2499
8 2858
8 1505
8 2860
8 2541
8 3
8 8
9 3068
9 2372
9 2371
9 3158
9 3174
9 2869
9 2870
9 2949
9 3148
9 3137
9 2849
9 3043
9 2578
9 1266
9 757
10 1795
10 1262
10 2896
10 392
10 141
10 2685
10 1601
10 1158
10 2700
10 950
10 1302
10 2851
10 2865
10 2952
10 1367
11 2923
11 2316
11 3148
11 3171
11 3150
11 2603
11 1923
11 3080
11 1043
11 2705
11 2906
11 249
11 2208
11 1098
11 74
12 3127
12 1930
12 2246
12 1461
12 3068
12 2319
12 1462
12 2740
12 2867
12 1247
12 2796
12 3196
12 2379
12 1069
12 1591
13 2897
13 1362
13 2748
13 1901
13 2491
13 48
13 2835
13 1652
13 1231
13 797
13 1947
13 2745
13 2078
13 3080
13 164
14 1724
14 2876
14 2816
14 3011
14 3087
14 2976
14 307
14 856
14 862
14 853
14 2397
14 701
14 132
14 2563
14 662
15 2835
15 1231
15 2611
15 820
15 2464
15 307
15 1947
15 1737
15 2344
15 2701
15 3125
15 3080
15 2880
15 1807
15 2929
16 3141
16 409
16 2740
16 307
16 1461
16 525
16 1846
16 1950
16 1210
16 3043
16 2629
16 2452
16 2376
16 1226
16 1135
17 1757
17 2491
17 2897
17 1362
17 2748
17 1223
17 48
17 2835
17 1134
17 1652
17 1231
17 797
17 3080
17 1658
17 195
18 2156
18 2897
18 1795
18 2685
18 2706
18 1362
18 2491
18 48
18 2316
18 950
18 1988
18 1652
18 1262
18 2551
18 2748
19 1262
19 1601
19 2896
19 392
19 141
19 950
19 2685
19 1795
19 1158
19 2700
19 3166
19 371
19 1468
19 1302
19 3075
20 2506
20 2442
20 1563
20 2695
20 2199
20 2630
20 1047
20 349
20 2177
20 2490
20 2524
20 3152
20 777
20 661
20 936
21 1659
21 3166
21 895
21 2454
21 164
21 2226
21 2950
21 2645
21 1658
21 2325
21 2504
21 267
21 117
21 2508
21 371
